7.583146405460751360e+00
7.905412356316768197e+00
7.448571393144658437e+00
1.167345424262055786e+01
7.755401048579849466e+00
1.353275458159353128e+01
8.825461991971341291e+00
9.441054673595129287e+00
7.629118723567947846e+00
7.436050563494765342e+00
7.589041712433069797e+00
9.535184808024544267e+00
8.600084667815574235e+00
7.783296508287734561e+00
7.838062085488079589e+00
8.189637088101767048e+00
8.139760500485360595e+00
7.606305665672335792e+00
8.306000202440721125e+00
7.987129941784315790e+00
8.980608075724978434e+00
7.192416701395842438e+00
7.943308439395766030e+00
7.346295691213776458e+00
7.255780453371518668e+00
8.938275126828651551e+00
9.135845776597733447e+00
8.079599563177840338e+00
9.233489730075149282e+00
7.164656730710172283e+00
7.311206388557939029e+00
7.442612399621402197e+00
7.703932432122087448e+00
7.698144783156998017e+00
7.400583424653000009e+00
1.096670032698538400e+01
9.563773413058830997e+00
6.875719452973696022e+00
8.723219868003367239e+00
8.610363662513643490e+00
1.506165057295307008e+01
1.052712048458099225e+01
1.799419409970811401e+01
7.181324999383155827e+00
1.306536247882164403e+01
1.089482664948231871e+01
6.964874778012763556e+00
7.187495326269635498e+00
8.483837177677868269e+00
7.779771310488122538e+00
8.441939198500032049e+00
1.367211185129457718e+01
2.040189316044434875e+01
7.653818453892875517e+00
7.894476609102438758e+00
7.762366011752316552e+00
9.015756908271830738e+00
1.057485246175935956e+01
7.062507468444291447e+00
8.184626348706366628e+00
6.775087905233628582e+00
7.412615792214952037e+00
8.116256620346911532e+00
6.703080259524737627e+00
8.507295421127693658e+00
9.041169406103833239e+00
7.478281388343191338e+00
7.571068378077070449e+00
7.256786321558892361e+00
7.321849732068703709e+00
6.872772374739295032e+00
7.551781590044997827e+00
9.901461913333816867e+00
6.944031311829724551e+00
7.427500489744623735e+00
7.181442343765153780e+00
7.576647607422323460e+00
7.576270058466456625e+00
6.942391832483718161e+00
7.154462556047738175e+00
8.180056709083853406e+00
6.686017901298674460e+00
8.929357852392733719e+00
9.257451674494292959e+00
7.582557020673093895e+00
1.208763388265471583e+01
7.482796724089930684e+00
1.420058160316089335e+01
7.475603938947545934e+00
7.855461821034563918e+00
8.481361113987873068e+00
7.960054883375493162e+00
7.223552776715229662e+00
6.675914285735881748e+00
8.469074221191705831e+00
1.296574373202696506e+01
1.380035094947987417e+01
7.701020926760336671e+00
1.104732902175676301e+01
8.096597334420158276e+00
7.584982607623997453e+00
8.855875016687592804e+00
1.078670529429451008e+01
8.066853043875262586e+00
7.789375266085576399e+00
8.725384371856540255e+00
1.033027216323245945e+01
7.398328553323514356e+00
9.431738050330912060e+00
1.206663601187906565e+01
8.485742915059628189e+00
1.000994554086016919e+01
6.802554463071458279e+00
1.200199557227495362e+01
6.760231089209154831e+00
6.435671570486716675e+00
7.711395846771004869e+00
2.811928603992479481e+01
7.331719015142042828e+00
7.195879540067950941e+00
1.362152156837010963e+01
1.370275005871576290e+01
6.637980756721208131e+00
7.864042667191152525e+00
9.652670398953462794e+00
1.244289763742956190e+01
6.950906532760630974e+00
7.778238579643935502e+00
7.610708584570319957e+00
7.940004435014191841e+00
6.769497343927617372e+00
7.365550311621773538e+00
7.223943034831240340e+00
7.551761401491981829e+00
8.822767916449167913e+00
6.838173063143031527e+00
6.215588181324845252e+00
7.014903805365523048e+00
1.072731449729895203e+01
7.870841396427286973e+00
7.301123975842727987e+00
6.494675537240820695e+00
8.428985729568958973e+00
9.167729989467218843e+00
8.076498172878190829e+00
8.283836718785067887e+00
1.060528430380584020e+01
9.662403739587427154e+00
9.051999980600907492e+00
8.000248079209518082e+00
8.406291520462293221e+00
7.660431502631853462e+00
6.504987647879509893e+00
8.946801029972473174e+00
1.332347922104441906e+01
7.913812652197648845e+00
6.926899028052069696e+00
7.251424742711741089e+00
7.232413222923278262e+00
9.037425441641005364e+00
6.819033638262981256e+00
7.912615555898000252e+00
7.445128379442800259e+00
6.797311164409379103e+00
6.504769899459360794e+00
8.371245420178333063e+00
7.161133886148832950e+00
7.197624685507127751e+00
8.580702254834307041e+00
8.607911290466210730e+00
6.818599482481212171e+00
8.579093330559137698e+00
9.162685576836546275e+00
8.087604025562432852e+00
9.410437503598503284e+00
8.054722636761994181e+00
9.010785380898148844e+00
7.249911037740650599e+00
7.332164049914734250e+00
7.027173487815963959e+00
6.396174751653360246e+00
1.065834016019121933e+01
7.889111823742713803e+00
6.603107268282816023e+00
8.951912271224097495e+00
7.581226725975485081e+00
1.734476358217794711e+01
7.238444187735138868e+00
6.720762512611914374e+00
9.871046138653499114e+00
6.686043258256889388e+00
6.138562372461797700e+00
6.149314173340392209e+00
8.870225000955825223e+00
7.880765663444798008e+00
8.048887896969169731e+00
6.922804654436537142e+00
6.807393324439432902e+00
8.685492434298142328e+00
7.787083156200170997e+00
6.329709014430409120e+00
1.160650993729627345e+01
6.842403310779109127e+00
9.190962232355220252e+00
1.088971954227183225e+01
7.012674222559141413e+00
6.945501063065448122e+00
7.251966766727146130e+00
1.543882380214157735e+01
7.403364159256565991e+00
6.552680628696336385e+00
7.061592989413148835e+00
6.712224817849522296e+00
1.073350186247919780e+01
6.756973159758991265e+00
1.204064176136918896e+01
1.009780311599437397e+01
6.877963233021517908e+00
7.630428495121087451e+00
9.032891936676266553e+00
9.514611788951050642e+00
8.885714203973263281e+00
7.811720791826900268e+00
6.887977344086007037e+00
7.536489455049414588e+00
7.169026948179917369e+00
7.405987233563350536e+00
8.029494010756854649e+00
6.949992945634937414e+00
7.469547072157462608e+00
6.864534602725615109e+00
7.300941645700184779e+00
7.800175373543583923e+00
7.727027272611710629e+00
8.253395855152731997e+00
9.626756451078026799e+00
7.916360485477721198e+00
9.952491742764108196e+00
8.202093552436856783e+00
7.017298115693470173e+00
6.477170271478778218e+00
6.574337033351474346e+00
9.878868254293005080e+00
7.960210437723763910e+00
7.157288540682483102e+00
7.996895174180113308e+00
6.912438788920137966e+00
6.986272305711171526e+00
8.417880044231733194e+00
6.625258614187346851e+00
7.088334125260749019e+00
1.029611260041970411e+01
7.084155480165749807e+00
1.230953164976456193e+01
7.177805660762564877e+00
7.931542698296544458e+00
7.636253881620499229e+00
7.306016403151901706e+00
6.070163174012409790e+00
8.207718249163894697e+00
7.992238220352421152e+00
7.243070222727481244e+00
7.579826409964658396e+00
7.990946201880214872e+00
7.650227960063889832e+00
2.231300759650998700e+01
7.823332521269197315e+00
7.724676803206079967e+00
8.189384383515127652e+00
7.073705918465174491e+00
7.873136739718908039e+00
1.242346165094078714e+01
6.727866825877667267e+00
7.044220550486793186e+00
7.151941180798453424e+00
7.209439303692609435e+00
7.428104908796886008e+00
7.505317739756148576e+00
7.930642357524599895e+00
7.169914869493124954e+00
1.354919495868529111e+01
9.962599117794569636e+00
7.971388110649345826e+00
1.261672626363900029e+01
8.805917010955262469e+00
6.324921306708585433e+00
6.143445166898583665e+00
7.683444254860711808e+00
1.370874048455670646e+01
7.830173987269850144e+00
7.652130890280367304e+00
8.187497672435426921e+00
8.110011655780510864e+00
1.386481981850557332e+01
8.651370261698689390e+00
8.272019952638608231e+00
1.513264453921524755e+01
7.437614907210376991e+00
6.777605873931022984e+00
7.144031787921884202e+00
9.132523531310539511e+00
7.804089270557437175e+00
7.245286584687789855e+00
6.573605590854313618e+00
7.149261935347311692e+00
1.019537543795419232e+01
8.211039840263085310e+00
7.465665971229984876e+00
8.494032066709234385e+00
6.986640219076859282e+00
8.144840507278415132e+00
9.365121352447735248e+00
8.362895450794701091e+00
8.304292477365118330e+00
7.212659545535578864e+00
6.971585776454002570e+00
8.078893665219625930e+00
6.667804771530875030e+00
7.974586948367067052e+00
1.169512376164303191e+01
7.721296756984560972e+00
6.970721838333915343e+00
6.887747390758621968e+00
7.201817752100801329e+00
6.625992146559752882e+00
1.789077467761734042e+01
1.054200736296659890e+01
8.453634046484696185e+00
7.078813358690618784e+00
7.061521643967701323e+00
6.647426464385485012e+00
1.131191847118881277e+01
7.159768821592512822e+00
7.124819760958444270e+00
6.259462415896626553e+00
8.490645099511949567e+00
9.293757600533153251e+00
7.512598484076516314e+00
7.170368173036574255e+00
7.491210215578345100e+00
7.740802584128688935e+00
8.955636756321133873e+00
8.337834469757032352e+00
7.809919273358373104e+00
1.010176495177482536e+01
7.583055126086982511e+00
6.434673555646961418e+00
2.001711025630077856e+01
8.915422798039957186e+00
7.954089587088192914e+00
8.413960914365302912e+00
9.683063862918469766e+00
7.207472189711729982e+00
6.167022956386674082e+00
1.072170597979095064e+01
7.591551071333234368e+00
7.818304178290992112e+00
7.079885818282084742e+00
9.304084768523392057e+00
7.780007070467146235e+00
6.788997392807260667e+00
6.888372829038096334e+00
8.634148309621053841e+00
8.356043067007814074e+00
1.154633514875555278e+01
1.048883502613438168e+01
1.050571526562324287e+01
7.561324649281955246e+00
1.796677512147968514e+01
8.082121400212255224e+00
7.699457104711363797e+00
9.172961170465971037e+00
7.349386611506324662e+00
6.502726400072432966e+00
6.987643868977505335e+00
7.859695107308932727e+00
7.587548457954444991e+00
1.090187378977789834e+01
7.050319352184355459e+00
1.388343963638124912e+01
1.161313866992074395e+01
9.162803404287528153e+00
9.396968813778933338e+00
1.231825166422033924e+01
6.673202470562325850e+00
7.402797445918547936e+00
8.130162510128073450e+00
6.871602142848860950e+00
7.205426885214327726e+00
8.044640145818808818e+00
9.135014764041851976e+00
8.915029567612650752e+00
6.650958683002193617e+00
7.324040240212680075e+00
1.022568719668534065e+01
7.240210206238631763e+00
6.390748285965482722e+00
1.216812723512843775e+01
1.091004138840860804e+01
7.405156239086977621e+00
6.691671711359818531e+00
8.210535755892976795e+00
6.898392755912697183e+00
8.317134482641590054e+00
7.846060821895859405e+00
7.840169972724484460e+00
7.503454077052490234e+00
8.870961252150980414e+00
7.237384018891711790e+00
7.306637876561663525e+00
8.349672674690001628e+00
7.475325988233436192e+00
8.620789307354048248e+00
9.337684536044211114e+00
8.747755002219829379e+00
8.240285181942631709e+00
7.402559800507574117e+00
7.632431750078673360e+00
7.197981088446830711e+00
8.768673292562329635e+00
6.460416274253182323e+00
7.227555002093549064e+00
7.139743089097071227e+00
6.433096226486350488e+00
1.160230037283933591e+01
7.611422514151633401e+00
7.590720944394718117e+00
7.091318771595396697e+00
6.577259672239827992e+00
1.227496503217185797e+01
7.929171639817750084e+00
7.581938511531146396e+00
7.470591519956963467e+00
8.328629646775896234e+00
7.723449605937099172e+00
8.126147408843817033e+00
7.397038864557574200e+00
7.163325828001082307e+00
7.870113013156908366e+00
6.404636590607993618e+00
9.983422055461270261e+00
9.969573312695811040e+00
6.831366735004531066e+00
7.970903914651913169e+00
6.968509369251459695e+00
8.699362326905962561e+00
1.106057405618870781e+01
1.427525988548548774e+01
7.466941084406401252e+00
7.882864720619929599e+00
7.519490682114166269e+00
6.781172033898431373e+00
6.806428115276803581e+00
1.220706604291657271e+01
6.913695590573994743e+00
8.365405449050713926e+00
6.995643790689904939e+00
1.022037894233499244e+01
6.366320907436193721e+00
7.014901917568360012e+00
7.556168516404591529e+00
8.752138326300478610e+00
8.033002736058733717e+00
8.154251686138103139e+00
8.722229105862009391e+00
8.730359844770044120e+00
7.430202336440174804e+00
7.786463326947763441e+00
8.372094388021411149e+00
7.144401853798926005e+00
7.385525111186952429e+00
7.987458575621753987e+00
7.158113641005302341e+00
7.251166262690134978e+00
1.084574628160391541e+01
1.549368900075297262e+01
1.041930052897468073e+01
8.575817591621330394e+00
7.220122320659175585e+00
5.900641953023317399e+00
7.562777602308985436e+00
9.927636676932372950e+00
1.133990432609753007e+01
7.663609944237697036e+00
7.340880103470178497e+00
6.654509124632117079e+00
8.823760081014896173e+00
7.806564167373348795e+00
7.123663689544823541e+00
1.187330984479615026e+01
7.572651689173554246e+00
9.179526012423911752e+00
9.051113957477740612e+00
7.548570060676798477e+00
6.838108879153241837e+00
8.433900881732288468e+00
8.428715797518272268e+00
8.379980177970603350e+00
8.457910628524020424e+00
7.639390571778656103e+00
7.169884836721581500e+00
7.346831544341030806e+00
7.178315202106889892e+00
7.642807901149546446e+00
7.145456974880093348e+00
7.731900428371437428e+00
7.258337072538719070e+00
1.058684141331790585e+01
1.170112590016458576e+01
7.513833529692569790e+00
8.347240266194670966e+00
6.756124650787409536e+00
7.979868081608466390e+00
7.595213199357802480e+00
7.092405280932624123e+00
7.863082258298584648e+00
7.129315313459207992e+00
6.695199597069409592e+00
6.771492425006297999e+00
7.214292102405998719e+00
6.551509635415064814e+00
8.388850026824902884e+00
7.836344046415373299e+00
7.668673963125273829e+00
7.770087817858753354e+00
7.742949807186844779e+00
8.403935903859290235e+00
1.214338214689850659e+01
7.936385481486773585e+00
1.297760119411906565e+01
6.701978717165822275e+00
1.472974407386000095e+01
8.257848417861552548e+00
8.893870101650970028e+00
1.283340258885705509e+01
1.130656170209570988e+01
7.147637115085633042e+00
8.067800733271287328e+00
7.925258614421758274e+00
1.510537824513292193e+01
1.131651935806845799e+01
1.130112013248240110e+01
7.138725525714657572e+00
6.654175486074373147e+00
6.499946441377858264e+00
6.952701677401948999e+00
8.582597668170846461e+00
7.881080859124337756e+00
7.710804334008861005e+00
7.491849571083656123e+00
6.515189438583719905e+00
6.594984935581717167e+00
7.174837596839319431e+00
1.864208139519527663e+01
8.577024233961237698e+00
9.338169937423662859e+00
7.536642837650497029e+00
7.374979500987350889e+00
8.345859934664126456e+00
7.852756268693342534e+00
8.021301620173506564e+00
6.953105841126815179e+00
7.958935735094511799e+00
1.077392695785308163e+01
7.076183363441578500e+00
9.181809098345569353e+00
6.415133585890170131e+00
1.010478693586215115e+01
6.849042451008604537e+00
7.589523223892014059e+00
1.083756350506436661e+01
7.648819103421844900e+00
8.908756016786826493e+00
8.419954047279992082e+00
6.444586730307186428e+00
7.150853547203460892e+00
7.332185476072202945e+00
8.093628935434514560e+00
7.168489500565259576e+00
7.507183888310703601e+00
7.284549202559390757e+00
9.134031786001562736e+00
8.068621882115108335e+00
8.095725051029733166e+00
1.308797618081838010e+01
7.711237510261655714e+00
8.083590455092162230e+00
8.587564565755771540e+00
6.742416751776460160e+00
1.078778949319855585e+01
1.083271428428600736e+01
6.958949475221153591e+00
7.179131667469254019e+00
7.677701572821372444e+00
6.375619241386357494e+00
8.130101358567472403e+00
9.958169313737910144e+00
7.109486644874581707e+00
7.970533910211342388e+00
7.538556455753637309e+00
6.836231322643384622e+00
8.186972425636673378e+00
9.842898978286102718e+00
1.355771440472516076e+01
9.012514292075032074e+00
7.886944065472386356e+00
8.084262646637579763e+00
8.444650689998578486e+00
6.791235713824312903e+00
7.139045396369528618e+00
1.006711844740421924e+01
8.508542707346320455e+00
8.192477028470751321e+00
7.812597584799691575e+00
9.710708772843940295e+00
7.275116218562008186e+00
9.589437802931973565e+00
7.166195847081233694e+00
6.868609193311002059e+00
8.198307878904296686e+00
7.966184846412436293e+00
7.617906435434377954e+00
7.551199908113400028e+00
1.641570466673420725e+01
7.951819968610025491e+00
6.985330634699414176e+00
6.923756440341536589e+00
7.965139475881670705e+00
7.251668049060326027e+00
7.948503198367763645e+00
8.668206873016098157e+00
6.920105438551830801e+00
8.860140593166933698e+00
8.242887655644940637e+00
8.105467130363559036e+00
1.023818409689092057e+01
7.486082483911092211e+00
7.009755105094248151e+00
1.250704897323974762e+01
6.567113199853462646e+00
7.738981339413600224e+00
1.458242319334282122e+01
1.059693272959527199e+01
8.737584148522506311e+00
7.410843295917008966e+00
9.219770390688406536e+00
8.883633431560948424e+00
6.683991233112760000e+00
6.946323951804576957e+00
8.235400432907292512e+00
1.283035329403665337e+01
7.500734166588822305e+00
7.160899684079259586e+00
8.830646237129425202e+00
1.057216077214109440e+01
1.005529917314565047e+01
6.739981384166183531e+00
7.114094678157215412e+00
7.280804862187338244e+00
7.915001971691606464e+00
8.182267319892757129e+00
7.790351431363001566e+00
8.684050773288674918e+00
7.732556068794190551e+00
9.054233353041601262e+00
6.518174123365775507e+00
7.381693183412449066e+00
8.562292655545981290e+00
7.161946858913833758e+00
6.729699354838293068e+00
9.125170485507791085e+00
6.600604144907032733e+00
8.503201294102668228e+00
6.024039114842988596e+00
7.911107749360334118e+00
7.038134150421569757e+00
7.189984974571088649e+00
7.336824589990206036e+00
6.449022586818498937e+00
9.671025822975682473e+00
7.330601954696317257e+00
6.967123772579350671e+00
7.527532959392996048e+00
6.838025646413622205e+00
7.069585517122526142e+00
7.954093186186804942e+00
1.259603330770501017e+01
1.035152813282685891e+01
8.440473357854457959e+00
7.861353829790652448e+00
8.338385575810738359e+00
7.970508855207931731e+00
7.280886114317503655e+00
6.783477594830302770e+00
8.270554079167451889e+00
6.916987891853921155e+00
6.492892370578378980e+00
1.013201585091292856e+01
1.486622022334317883e+01
8.928242473834961501e+00
6.369031690100666943e+00
1.050418542647642717e+01
7.079660160238313793e+00
9.221840660720669547e+00
8.255861279448705403e+00
8.641884823274722294e+00
7.812610659580780492e+00
1.035714982221422886e+01
7.361934809856834683e+00
7.221543723319740593e+00
7.538857584210600926e+00
1.037418242016897985e+01
7.005137464054357110e+00
7.010909820776829449e+00
9.078752481143837372e+00
7.636811357674902823e+00
7.341563205028621475e+00
7.724434180842561837e+00
7.789715909685583028e+00
7.073418873969937515e+00
8.092233486634501816e+00
7.466251123658870448e+00
7.899243297950004461e+00
9.739487690122162533e+00
6.811179766141245651e+00
7.776807495430528405e+00
8.338174872475448751e+00
7.976220418106525045e+00
7.275037644563333572e+00
7.989243976134065228e+00
7.917908249100059415e+00
6.788060701720968204e+00
1.227658908016834616e+01
6.958092861057986411e+00
7.635488030067331344e+00
6.791690545270737900e+00
9.930088480284757324e+00
6.371104109849415664e+00
6.532295687774000825e+00
6.577219395803637347e+00
6.904598425490292790e+00
9.615800007441899666e+00
1.303738046333230471e+01
7.447581995219939799e+00
7.438676838311693018e+00
1.127440060252468257e+01
2.520227498127788834e+01
1.104249375891410168e+01
1.279034509827489963e+01
7.347023066365558464e+00
6.966672373409783958e+00
7.875026027814461038e+00
6.842197616842780050e+00
7.758648801331398559e+00
1.393505442802274530e+01
7.233437714948625086e+00
7.749917446760935746e+00
6.884539720271279251e+00
6.804050122156760416e+00
1.556500363768616602e+01
1.411927500149096204e+01
6.896887376898510169e+00
8.544446166254543229e+00
7.585563975115194424e+00
7.333139293443008633e+00
7.587117217665795721e+00
8.547960519607194385e+00
7.693391835738440321e+00
6.917748089216751772e+00
7.852204498994729498e+00
9.230688136320614134e+00
6.985635563996080322e+00
1.598696083923815081e+01
6.857308633797951636e+00
7.559664811473436608e+00
1.516028525728792076e+01
7.728249060688891170e+00
8.747563757438564735e+00
1.062201782963660968e+01
8.335103009279098529e+00
7.155161427945621710e+00
7.400432702265606899e+00
9.563225239430042990e+00
1.156636083370946366e+01
8.168809561126208152e+00
6.189586602638748047e+00
7.760523626531430352e+00
7.161263203429926172e+00
8.977156553314355136e+00
7.548451850298892651e+00
8.145801435792886735e+00
1.002726714673996433e+01
7.547937990421733190e+00
8.307152259885629775e+00
1.021779771652185254e+01
1.195126904751415253e+01
9.080318808082433080e+00
9.429667782128912989e+00
7.161250885902093799e+00
7.203028808402748062e+00
8.074110528896692784e+00
8.892970913069024874e+00
6.694354284167298275e+00
7.447369020140907736e+00
7.716731748896116017e+00
8.289894347215495785e+00
7.999979978126528835e+00
8.279555364061536693e+00
9.115299726318390583e+00
8.146098214620058897e+00
8.286469669860105469e+00
8.597571682598029952e+00
7.306972208139985270e+00
8.672090410876846178e+00
7.182534959849581568e+00
7.764685213438330180e+00
1.230649853398282545e+01
7.431635077947690959e+00
8.847962508622197575e+00
6.073632323650447695e+00
7.956441522242313269e+00
6.710421265802718693e+00
8.707468576499902468e+00
7.079807202189156712e+00
7.096188929983916260e+00
7.832906905924891028e+00
8.444793923143725678e+00
6.737597891454024435e+00
7.524950809633301319e+00
7.142086709200540895e+00
7.156424064395738860e+00
8.011740291032849015e+00
1.416334605190362339e+01
8.253980544086097382e+00
8.026445222125545342e+00
7.246795895947915511e+00
6.864213081718090415e+00
1.152870303546043296e+01
7.296335623590241681e+00
1.154185817466888153e+01
6.541507345956937058e+00
1.031142833937566650e+01
7.157957902994653843e+00
6.427246113992604037e+00
7.630142399975172296e+00
1.155987836356628939e+01
8.070019092923475412e+00
8.510306266926697560e+00
1.435532756112920261e+01
8.219168151870130501e+00
8.466247567317291001e+00
6.986054797825066665e+00
7.003230262285385699e+00
8.005642926250995828e+00
1.024341247046393732e+01
6.618758534333700538e+00
6.851561417822803257e+00
7.861191003962276547e+00
8.101570002032485007e+00
7.656944507013660584e+00
1.224647428779927338e+01
6.417673251873159401e+00
9.516686532245838492e+00
8.684956920331558194e+00
7.862562270325359037e+00
9.970895616943728612e+00
6.790693542187735687e+00
8.419427073072192513e+00
8.565268261011048878e+00
1.109313013693878247e+01
1.078489246138827440e+01
7.120566554835474626e+00
8.901715236404241338e+00
1.345506067996821287e+01
7.077737624447319575e+00
7.716072437510308468e+00
7.588617368058009127e+00
7.191137667940832756e+00
7.808432234210895828e+00
6.418272260117978689e+00
8.248798728266869773e+00
7.806430905485241212e+00
9.321064602354560691e+00
6.660523918334558147e+00
9.705805789402727868e+00
8.357528970339524577e+00
7.797276088411146056e+00
9.420897570701846746e+00
7.916444456477651492e+00
8.068595769205375134e+00
1.026840185178105713e+01
8.102112147306517187e+00
1.005828093969298997e+01
7.899174050259471613e+00
9.270740115269845205e+00
7.483210756260434415e+00
1.060357015083902255e+01
6.978422541338443530e+00
8.407999248855546170e+00
9.687361015572291123e+00
7.362382511418804398e+00
7.284741238866686786e+00
6.995632670517913709e+00
7.932328187732364810e+00
1.205426691754855462e+01
1.043970237815027247e+01
7.684378705890354766e+00
8.066605259234725267e+00
7.571213343396245854e+00
9.560880421530528750e+00
7.543475262883361232e+00
7.051335254548952491e+00
7.642626437674941542e+00
9.738579402241015259e+00
7.510554745939950649e+00
1.387886616600873246e+01
7.145646033939405228e+00
6.745024027900489827e+00
7.190932590068291219e+00
6.942535084100730280e+00
7.090226644637061426e+00
6.673238247901406517e+00
7.158606643965011784e+00
7.214333825291184610e+00
6.663184358901893312e+00
7.644797755084460356e+00
7.151648698324094333e+00
1.067882697522632363e+01
7.561648343014153895e+00
6.941808236118692577e+00
8.852182593377479591e+00
7.955037103449273062e+00
1.425920100923146805e+01
7.317231107678013657e+00
7.471583411096558436e+00
7.086498917911985274e+00
1.064342863636595027e+01
7.539159809153664682e+00
7.702187502972361877e+00
8.010948939646937106e+00
9.702147267956602761e+00
7.245622713960359285e+00
6.667290720943137572e+00
8.979149387617047395e+00
1.380185160438793801e+01
6.433851698830824972e+00
7.777922925339181504e+00
7.515848526126616136e+00
9.758468355717717202e+00
5.825408798289155143e+00
8.649062061670710122e+00
6.865666206485499856e+00
6.160113957314735877e+00
7.403037467514793413e+00
7.502741837199971009e+00
7.031373334118638851e+00
6.966240298600919090e+00
7.487861040796172318e+00
7.046398992446358811e+00
6.679154826480642626e+00
9.680038837595745349e+00
6.961517560998393250e+00
8.937697827341589019e+00
7.420104736847141780e+00
8.588666895541505752e+00
8.744177168770770336e+00
8.964136218295911007e+00
8.126305320409626276e+00
6.490985161738032971e+00
6.439948645075903144e+00
7.963069736592832015e+00
7.584426575057905850e+00
7.055242741515109550e+00
8.033592789000930878e+00
8.628028403057092177e+00
7.635228359832507472e+00
6.752141207718970861e+00
8.028997791071308399e+00
1.721750832584249835e+01
7.960621114126827713e+00
8.814533426830262641e+00
7.018435950697972991e+00
7.652669849967606908e+00
6.705379493669402891e+00
6.960139522130886824e+00
8.588593613524786008e+00
1.226350378366460347e+01
1.307573174733007448e+01
7.939160611643810483e+00
1.143743255528007907e+01
6.842035612758806451e+00
6.574125765131977772e+00
8.328784298275596854e+00
7.927669441582229304e+00
7.657344708069331318e+00
7.776960232711306986e+00
8.219731049916177312e+00
9.391486605020443079e+00
8.506042787804737770e+00
6.487969645772190930e+00
